# z | U()
8 30 0.05 0.1
8.2 30.1 0.05 0.1
8.4 30 0.05 0.1
8.6 29.8 0.05 0.1
8.8 29.4 0.05 0.1
9 29.3 0.05 0.1
9.2 29.3 0.05 0.1
9.4 29.5 0.05 0.1
9.6 29.8 0.05 0.1
9.7 29.9 0.05 0.1
9.8 30 0.05 0.1
9.9 30 0.05 0.1
10 30 0.05 0.1
10.1 29.8 0.05 0.1
10.2 29.7 0.05 0.1
10.3 29.5 0.05 0.1
10.4 29.3 0.05 0.1
10.6 29 0.05 0.1
10.8 28.7 0.05 0.1
11 28.7 0.05 0.1
11.2 28.9 0.05 0.1
11.4 29.2 0.05 0.1
11.6 29.5 0.05 0.1
11.8 29.6 0.05 0.1
12 29.6 0.05 0.1
12.2 29.5 0.05 0.1
12.4 29.3 0.05 0.1
12.6 29.1  0.05 0.1
12.8 29 0.05 0.1
13 29.1 0.05 0.1
